image_width: 640
image_height: 480
camera_name: left_camera
camera_matrix:
  rows: 3
  cols: 3
  data: [ 867.2406 ,    0.     ,  313.64691,
            0.     ,  865.86301,  191.61902,
            0.     ,    0.     ,    1.     ]
camera_model: plumb_bob
distortion_coefficients:
  rows: 1
  cols: 5
  data: [-0.088639, -0.324119, -0.000699, -0.005529, 0.000000]
rectification_matrix:
  rows: 3
  cols: 3
  data: [ 0.99950326, -0.00180825,  0.03146372,
          0.00180975,  0.99999836, -0.00001931,
         -0.03146364,  0.00007625,  0.99950489]
projection_matrix:
  rows: 3
  cols: 4
  data: [ 930.92489,    0.     ,  273.34967,    0.     ,
            0.     ,  930.92489,  203.39788,    0.     ,
            0.     ,    0.     ,    1.     ,    0.     ]
