image_width: 640
image_height: 480
camera_name: left_camera
camera_matrix:
  rows: 3
  cols: 3
  data: [869.6504765885068, 0, 308.2733752771703, 0, 870.2283571008178, 219.8196853217926, 0, 0, 1]
distortion_model: plumb_bob
distortion_coefficients:
  rows: 1
  cols: 5
  data: [-0.09795244754692931, 0.1789308945274067, 0.005601183145745437, -0.008730276325427484, 0]
rectification_matrix:
  rows: 3
  cols: 3
  data: [0.9996950698264303, -0.02203666510987088, -0.0111423855418797, 0.02202777167306712, 0.999756935645834, -0.0009202734218735292, 0.01115995698234143, 0.0006745508781294484, 0.999937498217396]
projection_matrix:
  rows: 3
  cols: 4
  data: [947.0835941285609, 0, 309.6493072509766, 0, 0, 947.0835941285609, 235.5623359680176, 0, 0, 0, 1, 0]