image_width: 640
image_height: 480
camera_name: right_camera
camera_matrix:
  rows: 3
  cols: 3
  data: [885.8076634100228, 0, 308.42826516527, 0, 886.4412630166489, 249.0625377102728, 0, 0, 1]
distortion_model: plumb_bob
distortion_coefficients:
  rows: 1
  cols: 5
  data: [-0.08214271323428121, -0.1127513521422424, 0.002366986486311127, -0.0003689894583374312, 0]
rectification_matrix:
  rows: 3
  cols: 3
  data: [0.9997717408589618, -0.02091040082051505, 0.00438421228571294, 0.02090689768041511, 0.9997810712269476, 0.0008433538272347433, -0.00440088732205742, -0.0007515010463479352, 0.9999900336688139]
projection_matrix:
  rows: 3
  cols: 4
  data: [947.0835941285609, 0, 309.6493072509766, -80.15707338598787, 0, 947.0835941285609, 235.5623359680176, 0, 0, 0, 1, 0]