image_width: 320
image_height: 240
camera_name: right_camera
camera_matrix:
  rows: 3
  cols: 3
  data: [483.5838189237058, 0, 152.1761798232259, 0, 477.1064819972902, 134.6920238519031, 0, 0, 1]
distortion_model: plumb_bob
distortion_coefficients:
  rows: 1
  cols: 5
  data: [-0.1902018270451605, 0.2547580364045042, 0.0008841584663084028, -0.0007094352562083969, 0]
rectification_matrix:
  rows: 3
  cols: 3
  data: [0.9617842022735922, 0.0774869239459206, -0.2626155457590985, -0.07259039600474099, 0.9969599233241805, 0.02831158231747604, 0.2640109517895515, -0.008166266150662698, 0.9644851110475121]
projection_matrix:
  rows: 3
  cols: 4
  data: [576.5773636516335, 0, 289.734100818634, -31.42277767141996, 0, 576.5773636516335, 115.496880531311, 0, 0, 0, 1, 0]