image_width: 320
image_height: 240
camera_name: left_camera
camera_matrix:
  rows: 3
  cols: 3
  data: [469.7057611766608, 0, 147.0981360666464, 0, 465.7931798721394, 104.968113255904, 0, 0, 1]
distortion_model: plumb_bob
distortion_coefficients:
  rows: 1
  cols: 5
  data: [-0.1854970452673041, 0.3733393805729832, 0.002581748111715293, -0.002848954325753076, 0]
rectification_matrix:
  rows: 3
  cols: 3
  data: [0.9597247119100767, 0.06425264835668983, -0.2734960228746879, -0.06932964485608768, 0.9975538496991959, -0.008928454202315457, 0.2722533336678341, 0.02753024027257406, 0.9618316943089812]
projection_matrix:
  rows: 3
  cols: 4
  data: [576.5773636516335, 0, 289.734100818634, 0, 0, 576.5773636516335, 115.496880531311, 0, 0, 0, 1, 0]